0,1,2,3,4,5,6,7,8,9,10,Overs
0.3,0.3,0.3,0.3,0.3,0.3,0.3,0.3,0.3,0.3,0,0.1
0.7,0.7,0.7,0.7,0.7,0.7,0.7,0.7,0.7,0.6,0,0.2
1,1,1,1,1,1,1,1,1,0.8,0,0.3
1.4,1.4,1.4,1.4,1.4,1.4,1.3,1.3,1.3,1,0,0.4
1.7,1.7,1.7,1.7,1.7,1.7,1.7,1.6,1.5,1.1,0,0.5
,,,,,,,,,,,0.6
,,,,,,,,,,,0.7
,,,,,,,,,,,0.8
,,,,,,,,,,,0.9
2,2,2,2,2,2,2,2,1.8,1.2,0,1
2.4,2.4,2.4,2.4,2.4,2.4,2.3,2.3,2.1,1.3,0,1.1
2.7,2.7,2.7,2.7,2.7,2.7,2.7,2.6,2.3,1.4,0,1.2
3,3,3,3,3,3,3,2.9,2.6,1.5,0,1.3
3.4,3.4,3.4,3.4,3.4,3.4,3.3,3.2,2.8,1.5,0,1.4
3.7,3.7,3.7,3.7,3.7,3.7,3.6,3.5,3,1.6,0,1.5
,,,,,,,,,,,1.6
,,,,,,,,,,,1.7
,,,,,,,,,,,1.8
,,,,,,,,,,,1.9
4,4,4,4,4,4,4,3.8,3.2,1.6,0,2
4.4,4.4,4.4,4.4,4.4,4.3,4.3,4.1,3.4,1.6,0,2.1
4.7,4.7,4.7,4.7,4.7,4.7,4.6,4.4,3.6,1.7,0,2.2
5.1,5.1,5.1,5.1,5,5,4.9,4.6,3.8,1.7,0,2.3
5.4,5.4,5.4,5.4,5.4,5.3,5.2,4.9,4,1.7,0,2.4
5.7,5.7,5.7,5.7,5.7,5.7,5.5,5.2,4.2,1.7,0,2.5
,,,,,,,,,,,2.6
,,,,,,,,,,,2.7
,,,,,,,,,,,2.8
,,,,,,,,,,,2.9
6.1,6.1,6.1,6.1,6,6,5.9,5.5,4.3,1.7,0,3
6.4,6.4,6.4,6.4,6.4,6.3,6.2,5.7,4.5,1.7,0,3.1
6.7,6.7,6.7,6.7,6.7,6.6,6.5,6,4.7,1.8,0,3.2
7.1,7.1,7.1,7.1,7,7,6.8,6.3,4.8,1.8,0,3.3
7.4,7.4,7.4,7.4,7.4,7.3,7.1,6.5,5,1.8,0,3.4
7.7,7.7,7.7,7.7,7.7,7.6,7.4,6.8,5.1,1.8,0,3.5
,,,,,,,,,,,3.6
,,,,,,,,,,,3.7
,,,,,,,,,,,3.8
,,,,,,,,,,,3.9
8.1,8.1,8.1,8.1,8,8,7.7,7,5.2,1.8,0,4
8.4,8.4,8.4,8.4,8.4,8.3,8,7.3,5.4,1.8,0,4.1
8.7,8.7,8.7,8.7,8.7,8.6,8.3,7.5,5.5,1.8,0,4.2
9.1,9.1,9.1,9.1,9,8.9,8.6,7.8,5.6,1.8,0,4.3
9.4,9.4,9.4,9.4,9.4,9.2,8.9,8,5.7,1.8,0,4.4
9.8,9.8,9.7,9.7,9.7,9.6,9.2,8.3,5.8,1.8,0,4.5
,,,,,,,,,,,4.6
,,,,,,,,,,,4.7
,,,,,,,,,,,4.8
,,,,,,,,,,,4.9
10.1,10.1,10.1,10.1,10,9.9,9.5,8.5,5.9,1.8,0,5
10.4,10.4,10.4,10.4,10.4,10.2,9.8,8.7,6,1.8,0,5.1
10.8,10.8,10.8,10.7,10.7,10.5,10.1,9,6.1,1.8,0,5.2
11.1,11.1,11.1,11.1,11,10.9,10.4,9.2,6.2,1.8,0,5.3
11.4,11.4,11.4,11.4,11.3,11.2,10.7,9.4,6.3,1.8,0,5.4
11.8,11.8,11.8,11.7,11.7,11.5,11,9.6,6.4,1.8,0,5.5
,,,,,,,,,,,5.6
,,,,,,,,,,,5.7
,,,,,,,,,,,5.8
,,,,,,,,,,,5.9
12.1,12.1,12.1,12.1,12,11.8,11.3,9.9,6.5,1.8,0,6
12.4,12.4,12.4,12.4,12.3,12.1,11.6,10.1,6.6,1.8,0,6.1
12.8,12.8,12.8,12.7,12.7,12.5,11.9,10.3,6.6,1.8,0,6.2
13.1,13.1,13.1,13.1,13,12.8,12.2,10.5,6.7,1.8,0,6.3
13.4,13.4,13.4,13.4,13.3,13.1,12.4,10.7,6.8,1.8,0,6.4
13.8,13.8,13.8,13.7,13.6,13.4,12.7,10.9,6.8,1.8,0,6.5
,,,,,,,,,,,6.6
,,,,,,,,,,,6.7
,,,,,,,,,,,6.8
,,,,,,,,,,,6.9
14.1,14.1,14.1,14.1,14,13.7,13,11.1,6.9,1.8,0,7
14.4,14.4,14.4,14.4,14.3,14,13.3,11.3,7,1.8,0,7.1
14.8,14.8,14.8,14.7,14.6,14.4,13.6,11.5,7,1.8,0,7.2
15.1,15.1,15.1,15.1,15,14.7,13.9,11.7,7.1,1.8,0,7.3
15.4,15.4,15.4,15.4,15.3,15,14.1,11.9,7.2,1.8,0,7.4
15.8,15.8,15.8,15.7,15.6,15.3,14.4,12.1,7.2,1.8,0,7.5
,,,,,,,,,,,7.6
,,,,,,,,,,,7.7
,,,,,,,,,,,7.8
,,,,,,,,,,,7.9
16.1,16.1,16.1,16.1,15.9,15.6,14.7,12.3,7.3,1.8,0,8
16.5,16.4,16.4,16.4,16.3,15.9,15,12.5,7.3,1.8,0,8.1
16.8,16.8,16.8,16.7,16.6,16.2,15.2,12.7,7.4,1.8,0,8.2
17.1,17.1,17.1,17.1,16.9,16.6,15.5,12.9,7.4,1.8,0,8.3
17.5,17.4,17.4,17.4,17.3,16.9,15.8,13,7.4,1.8,0,8.4
17.8,17.8,17.8,17.7,17.6,17.2,16.1,13.2,7.5,1.8,0,8.5
,,,,,,,,,,,8.6
,,,,,,,,,,,8.7
,,,,,,,,,,,8.8
,,,,,,,,,,,8.9
18.1,18.1,18.1,18.1,17.9,17.5,16.3,13.4,7.5,1.8,0,9
18.5,18.5,18.4,18.4,18.2,17.8,16.6,13.6,7.6,1.8,0,9.1
18.8,18.8,18.8,18.7,18.6,18.1,16.9,13.8,7.6,1.8,0,9.2
19.1,19.1,19.1,19,18.9,18.4,17.1,13.9,7.6,1.8,0,9.3
19.5,19.5,19.4,19.4,19.2,18.7,17.4,14.1,7.7,1.8,0,9.4
19.8,19.8,19.8,19.7,19.5,19,17.7,14.3,7.7,1.8,0,9.5
,,,,,,,,,,,9.6
,,,,,,,,,,,9.7
,,,,,,,,,,,9.8
,,,,,,,,,,,9.9
20.1,20.1,20.1,20,19.9,19.3,17.9,14.4,7.7,1.8,0,10
20.5,20.5,20.4,20.4,20.2,19.7,18.2,14.6,7.8,1.8,0,10.1
20.8,20.8,20.8,20.7,20.5,20,18.5,14.8,7.8,1.8,0,10.2
21.1,21.1,21.1,21,20.8,20.3,18.7,14.9,7.8,1.8,0,10.3
21.5,21.5,21.4,21.4,21.2,20.6,19,15.1,7.9,1.8,0,10.4
21.8,21.8,21.8,21.7,21.5,20.9,19.2,15.2,7.9,1.8,0,10.5
,,,,,,,,,,,10.6
,,,,,,,,,,,10.7
,,,,,,,,,,,10.8
,,,,,,,,,,,10.9
22.1,22.1,22.1,22,21.8,21.2,19.5,15.4,7.9,1.8,0,11
22.5,22.5,22.4,22.4,22.1,21.5,19.8,15.5,7.9,1.8,0,11.1
22.8,22.8,22.8,22.7,22.5,21.8,20,15.7,8,1.8,0,11.2
23.1,23.1,23.1,23,22.8,22.1,20.3,15.8,8,1.8,0,11.3
23.5,23.5,23.4,23.3,23.1,22.4,20.5,16,8,1.8,0,11.4
23.8,23.8,23.8,23.7,23.4,22.7,20.8,16.1,8,1.8,0,11.5
,,,,,,,,,,,11.6
,,,,,,,,,,,11.7
,,,,,,,,,,,11.8
,,,,,,,,,,,11.9
24.1,24.1,24.1,24,23.8,23,21,16.3,8,1.8,0,12
24.5,24.5,24.4,24.3,24.1,23.3,21.3,16.4,8.1,1.8,0,12.1
24.8,24.8,24.8,24.7,24.4,23.6,21.5,16.6,8.1,1.8,0,12.2
25.1,25.1,25.1,25,24.7,23.9,21.8,16.7,8.1,1.8,0,12.3
25.5,25.5,25.4,25.3,25,24.2,22,16.8,8.1,1.8,0,12.4
25.8,25.8,25.8,25.7,25.4,24.5,22.3,17,8.1,1.8,0,12.5
,,,,,,,,,,,12.6
,,,,,,,,,,,12.7
,,,,,,,,,,,12.8
,,,,,,,,,,,12.9
26.1,26.1,26.1,26,25.7,24.8,22.5,17.1,8.2,1.8,0,13
26.5,26.5,26.4,26.3,26,25.1,22.8,17.2,8.2,1.8,0,13.1
26.8,26.8,26.8,26.6,26.3,25.4,23,17.4,8.2,1.8,0,13.2
27.1,27.1,27.1,27,26.7,25.7,23.3,17.5,8.2,1.8,0,13.3
27.5,27.5,27.4,27.3,27,26,23.5,17.6,8.2,1.8,0,13.4
27.8,27.8,27.8,27.6,27.3,26.3,23.7,17.7,8.2,1.8,0,13.5
,,,,,,,,,,,13.6
,,,,,,,,,,,13.7
,,,,,,,,,,,13.8
,,,,,,,,,,,13.9
28.1,28.1,28.1,28,27.6,26.6,24,17.9,8.2,1.8,0,14
28.5,28.5,28.4,28.3,27.9,26.9,24.2,18,8.3,1.8,0,14.1
28.8,28.8,28.8,28.6,28.3,27.2,24.5,18.1,8.3,1.8,0,14.2
29.1,29.1,29.1,29,28.6,27.5,24.7,18.2,8.3,1.8,0,14.3
29.5,29.5,29.4,29.3,28.9,27.8,24.9,18.4,8.3,1.8,0,14.4
29.8,29.8,29.8,29.6,29.2,28.1,25.2,18.5,8.3,1.8,0,14.5
,,,,,,,,,,,14.6
,,,,,,,,,,,14.7
,,,,,,,,,,,14.8
,,,,,,,,,,,14.9
30.2,30.1,30.1,29.9,29.5,28.4,25.4,18.6,8.3,1.8,0,15
30.5,30.5,30.4,30.3,29.9,28.7,25.6,18.7,8.3,1.8,0,15.1
30.8,30.8,30.7,30.6,30.2,29,25.9,18.8,8.3,1.8,0,15.2
31.2,31.1,31.1,30.9,30.5,29.3,26.1,18.9,8.3,1.8,0,15.3
31.5,31.5,31.4,31.3,30.8,29.6,26.3,19,8.3,1.8,0,15.4
31.8,31.8,31.7,31.6,31.1,29.9,26.6,19.2,8.3,1.8,0,15.5
,,,,,,,,,,,15.6
,,,,,,,,,,,15.7
,,,,,,,,,,,15.8
,,,,,,,,,,,15.9
32.2,32.1,32.1,31.9,31.5,30.2,26.8,19.3,8.4,1.8,0,16
32.5,32.5,32.4,32.2,31.8,30.5,27,19.4,8.4,1.8,0,16.1
32.8,32.8,32.7,32.6,32.1,30.8,27.3,19.5,8.4,1.8,0,16.2
33.2,33.1,33.1,32.9,32.4,31.1,27.5,19.6,8.4,1.8,0,16.3
33.5,33.5,33.4,33.2,32.7,31.4,27.7,19.7,8.4,1.8,0,16.4
33.8,33.8,33.7,33.6,33.1,31.6,27.9,19.8,8.4,1.8,0,16.5
,,,,,,,,,,,16.6
,,,,,,,,,,,16.7
,,,,,,,,,,,16.8
,,,,,,,,,,,16.9
34.2,34.1,34.1,33.9,33.4,31.9,28.2,19.9,8.4,1.8,0,17
34.5,34.5,34.4,34.2,33.7,32.2,28.4,20,8.4,1.8,0,17.1
34.8,34.8,34.7,34.5,34,32.5,28.6,20.1,8.4,1.8,0,17.2
35.2,35.1,35.1,34.9,34.3,32.8,28.8,20.2,8.4,1.8,0,17.3
35.5,35.5,35.4,35.2,34.7,33.1,29,20.3,8.4,1.8,0,17.4
35.8,35.8,35.7,35.5,35,33.4,29.3,20.4,8.4,1.8,0,17.5
,,,,,,,,,,,17.6
,,,,,,,,,,,17.7
,,,,,,,,,,,17.8
,,,,,,,,,,,17.9
36.2,36.1,36.1,35.9,35.3,33.7,29.5,20.5,8.4,1.8,0,18
36.5,36.5,36.4,36.2,35.6,34,29.7,20.6,8.4,1.8,0,18.1
36.8,36.8,36.7,36.5,35.9,34.3,29.9,20.7,8.4,1.8,0,18.2
37.2,37.1,37.1,36.8,36.2,34.5,30.1,20.7,8.4,1.8,0,18.3
37.5,37.5,37.4,37.2,36.6,34.8,30.4,20.8,8.5,1.8,0,18.4
37.8,37.8,37.7,37.5,36.9,35.1,30.6,20.9,8.5,1.8,0,18.5
,,,,,,,,,,,18.6
,,,,,,,,,,,18.7
,,,,,,,,,,,18.8
,,,,,,,,,,,18.9
38.2,38.1,38,37.8,37.2,35.4,30.8,21,8.5,1.8,0,19
38.5,38.5,38.4,38.2,37.5,35.7,31,21.1,8.5,1.8,0,19.1
38.8,38.8,38.7,38.5,37.8,36,31.2,21.2,8.5,1.8,0,19.2
39.2,39.1,39,38.8,38.1,36.3,31.4,21.3,8.5,1.8,0,19.3
39.5,39.5,39.4,39.1,38.5,36.5,31.6,21.4,8.5,1.8,0,19.4
39.8,39.8,39.7,39.5,38.8,36.8,31.8,21.4,8.5,1.8,0,19.5
,,,,,,,,,,,19.6
,,,,,,,,,,,19.7
,,,,,,,,,,,19.8
,,,,,,,,,,,19.9
40.2,40.1,40,39.8,39.1,37.1,32,21.5,8.5,1.8,0,20
40.5,40.5,40.4,40.1,39.4,37.4,32.3,21.6,8.5,1.8,0,20.1
40.8,40.8,40.7,40.4,39.7,37.7,32.5,21.7,8.5,1.8,0,20.2
41.2,41.1,41,40.8,40,38,32.7,21.8,8.5,1.8,0,20.3
41.5,41.5,41.4,41.1,40.4,38.2,32.9,21.8,8.5,1.8,0,20.4
41.8,41.8,41.7,41.4,40.7,38.5,33.1,21.9,8.5,1.8,0,20.5
,,,,,,,,,,,20.6
,,,,,,,,,,,20.7
,,,,,,,,,,,20.8
,,,,,,,,,,,20.9
42.2,42.1,42,41.8,41,38.8,33.3,22,8.5,1.8,0,21
42.5,42.5,42.4,42.1,41.3,39.1,33.5,22.1,8.5,1.8,0,21.1
42.8,42.8,42.7,42.4,41.6,39.4,33.7,22.1,8.5,1.8,0,21.2
43.2,43.1,43,42.7,41.9,39.7,33.9,22.2,8.5,1.8,0,21.3
43.5,43.5,43.4,43.1,42.2,39.9,34.1,22.3,8.5,1.8,0,21.4
43.8,43.8,43.7,43.4,42.6,40.2,34.3,22.4,8.5,1.8,0,21.5
,,,,,,,,,,,21.6
,,,,,,,,,,,21.7
,,,,,,,,,,,21.8
,,,,,,,,,,,21.9
44.2,44.1,44,43.7,42.9,40.5,34.5,22.4,8.5,1.8,0,22
44.5,44.4,44.3,44,43.2,40.8,34.7,22.5,8.5,1.8,0,22.1
44.8,44.8,44.7,44.4,43.5,41.1,34.9,22.6,8.5,1.8,0,22.2
45.2,45.1,45,44.7,43.8,41.3,35.1,22.6,8.5,1.8,0,22.3
45.5,45.4,45.3,45,44.1,41.6,35.3,22.7,8.5,1.8,0,22.4
45.8,45.8,45.7,45.3,44.4,41.9,35.5,22.8,8.5,1.8,0,22.5
,,,,,,,,,,,22.6
,,,,,,,,,,,22.7
,,,,,,,,,,,22.8
,,,,,,,,,,,22.9
46.2,46.1,46,45.7,44.7,42.2,35.7,22.8,8.5,1.8,0,23
46.5,46.4,46.3,46,45.1,42.4,35.9,22.9,8.5,1.8,0,23.1
46.8,46.8,46.7,46.3,45.4,42.7,36.1,23,8.5,1.8,0,23.2
47.2,47.1,47,46.7,45.7,43,36.2,23,8.5,1.8,0,23.3
47.5,47.4,47.3,47,46,43.3,36.4,23.1,8.5,1.8,0,23.4
47.8,47.8,47.7,47.3,46.3,43.6,36.6,23.2,8.5,1.8,0,23.5
,,,,,,,,,,,23.6
,,,,,,,,,,,23.7
,,,,,,,,,,,23.8
,,,,,,,,,,,23.9
48.2,48.1,48,47.6,46.6,43.8,36.8,23.2,8.5,1.8,0,24
48.5,48.4,48.3,48,46.9,44.1,37,23.3,8.5,1.8,0,24.1
48.8,48.8,48.6,48.3,47.2,44.4,37.2,23.3,8.5,1.8,0,24.2
49.2,49.1,49,48.6,47.6,44.6,37.4,23.4,8.5,1.8,0,24.3
49.5,49.4,49.3,48.9,47.9,44.9,37.6,23.5,8.5,1.8,0,24.4
49.8,49.8,49.6,49.3,48.2,45.2,37.8,23.5,8.5,1.8,0,24.5
,,,,,,,,,,,24.6
,,,,,,,,,,,24.7
,,,,,,,,,,,24.8
,,,,,,,,,,,24.9
50.2,50.1,50,49.6,48.5,45.5,37.9,23.6,8.5,1.8,0,25
50.5,50.4,50.3,49.9,48.8,45.7,38.1,23.6,8.5,1.8,0,25.1
50.8,50.8,50.6,50.2,49.1,46,38.3,23.7,8.5,1.8,0,25.2
51.1,51.1,51,50.6,49.4,46.3,38.5,23.7,8.5,1.8,0,25.3
51.5,51.4,51.3,50.9,49.7,46.6,38.7,23.8,8.5,1.8,0,25.4
51.8,51.8,51.6,51.2,50,46.8,38.9,23.8,8.5,1.8,0,25.5
,,,,,,,,,,,25.6
,,,,,,,,,,,25.7
,,,,,,,,,,,25.8
,,,,,,,,,,,25.9
52.1,52.1,51.9,51.5,50.4,47.1,39,23.9,8.5,1.8,0,26
52.5,52.4,52.3,51.9,50.7,47.4,39.2,24,8.5,1.8,0,26.1
52.8,52.8,52.6,52.2,51,47.6,39.4,24,8.5,1.8,0,26.2
53.1,53.1,52.9,52.5,51.3,47.9,39.6,24.1,8.5,1.8,0,26.3
53.5,53.4,53.3,52.8,51.6,48.2,39.8,24.1,8.5,1.8,0,26.4
53.8,53.8,53.6,53.2,51.9,48.4,39.9,24.2,8.5,1.8,0,26.5
,,,,,,,,,,,26.6
,,,,,,,,,,,26.7
,,,,,,,,,,,26.8
,,,,,,,,,,,26.9
54.1,54.1,53.9,53.5,52.2,48.7,40.1,24.2,8.5,1.8,0,27
54.5,54.4,54.3,53.8,52.5,49,40.3,24.3,8.5,1.8,0,27.1
54.8,54.8,54.6,54.1,52.8,49.3,40.5,24.3,8.5,1.8,0,27.2
55.1,55.1,54.9,54.5,53.1,49.5,40.6,24.4,8.5,1.8,0,27.3
55.5,55.4,55.3,54.8,53.5,49.8,40.8,24.4,8.5,1.8,0,27.4
55.8,55.7,55.6,55.1,53.8,50.1,41,24.5,8.5,1.8,0,27.5
,,,,,,,,,,,27.6
,,,,,,,,,,,27.7
,,,,,,,,,,,27.8
,,,,,,,,,,,27.9
56.1,56.1,55.9,55.4,54.1,50.3,41.2,24.5,8.5,1.8,0,28
56.5,56.4,56.2,55.8,54.4,50.6,41.3,24.5,8.5,1.8,0,28.1
56.8,56.7,56.6,56.1,54.7,50.9,41.5,24.6,8.5,1.8,0,28.2
57.1,57.1,56.9,56.4,55,51.1,41.7,24.6,8.5,1.8,0,28.3
57.5,57.4,57.2,56.7,55.3,51.4,41.9,24.7,8.5,1.8,0,28.4
57.8,57.7,57.6,57.1,55.6,51.6,42,24.7,8.5,1.8,0,28.5
,,,,,,,,,,,28.6
,,,,,,,,,,,28.7
,,,,,,,,,,,28.8
,,,,,,,,,,,28.9
58.1,58.1,57.9,57.4,55.9,51.9,42.2,24.8,8.5,1.8,0,29
58.5,58.4,58.2,57.7,56.2,52.2,42.4,24.8,8.5,1.8,0,29.1
58.8,58.7,58.6,58,56.5,52.4,42.5,24.9,8.5,1.8,0,29.2
59.1,59.1,58.9,58.4,56.8,52.7,42.7,24.9,8.5,1.8,0,29.3
59.5,59.4,59.2,58.7,57.2,53,42.9,24.9,8.5,1.8,0,29.4
59.8,59.7,59.5,59,57.5,53.2,43,25,8.5,1.8,0,29.5
,,,,,,,,,,,29.6
,,,,,,,,,,,29.7
,,,,,,,,,,,29.8
,,,,,,,,,,,29.9
60.1,60.1,59.9,59.3,57.8,53.5,43.2,25,8.5,1.8,0,30
60.5,60.4,60.2,59.6,58.1,53.8,43.4,25.1,8.5,1.8,0,30.1
60.8,60.7,60.5,60,58.4,54,43.5,25.1,8.6,1.8,0,30.2
61.1,61.1,60.9,60.3,58.7,54.3,43.7,25.1,8.6,1.8,0,30.3
61.5,61.4,61.2,60.6,59,54.5,43.8,25.2,8.6,1.8,0,30.4
61.8,61.7,61.5,60.9,59.3,54.8,44,25.2,8.6,1.8,0,30.5
,,,,,,,,,,,30.6
,,,,,,,,,,,30.7
,,,,,,,,,,,30.8
,,,,,,,,,,,30.9
62.1,62.1,61.8,61.3,59.6,55.1,44.2,25.2,8.6,1.8,0,31
62.5,62.4,62.2,61.6,59.9,55.3,44.3,25.3,8.6,1.8,0,31.1
62.8,62.7,62.5,61.9,60.2,55.6,44.5,25.3,8.6,1.8,0,31.2
63.1,63.1,62.8,62.2,60.5,55.8,44.6,25.4,8.6,1.8,0,31.3
63.5,63.4,63.2,62.6,60.8,56.1,44.8,25.4,8.6,1.8,0,31.4
63.8,63.7,63.5,62.9,61.1,56.3,45,25.4,8.6,1.8,0,31.5
,,,,,,,,,,,31.6
,,,,,,,,,,,31.7
,,,,,,,,,,,31.8
,,,,,,,,,,,31.9
64.1,64,63.8,63.2,61.4,56.6,45.1,25.5,8.6,1.8,0,32
64.5,64.4,64.2,63.5,61.7,56.9,45.3,25.5,8.6,1.8,0,32.1
64.8,64.7,64.5,63.8,62,57.1,45.4,25.5,8.6,1.8,0,32.2
65.1,65,64.8,64.2,62.4,57.4,45.6,25.6,8.6,1.8,0,32.3
65.5,65.4,65.1,64.5,62.7,57.6,45.7,25.6,8.6,1.8,0,32.4
65.8,65.7,65.5,64.8,63,57.9,45.9,25.6,8.6,1.8,0,32.5
,,,,,,,,,,,32.6
,,,,,,,,,,,32.7
,,,,,,,,,,,32.8
,,,,,,,,,,,32.9
66.1,66,65.8,65.1,63.3,58.1,46.1,25.7,8.6,1.8,0,33
66.5,66.4,66.1,65.5,63.6,58.4,46.2,25.7,8.6,1.8,0,33.1
66.8,66.7,66.5,65.8,63.9,58.7,46.4,25.7,8.6,1.8,0,33.2
67.1,67,66.8,66.1,64.2,58.9,46.5,25.8,8.6,1.8,0,33.3
67.5,67.4,67.1,66.4,64.5,59.2,46.7,25.8,8.6,1.8,0,33.4
67.8,67.7,67.4,66.8,64.8,59.4,46.8,25.8,8.6,1.8,0,33.5
,,,,,,,,,,,33.6
,,,,,,,,,,,33.7
,,,,,,,,,,,33.8
,,,,,,,,,,,33.9
68.1,68,67.8,67.1,65.1,59.7,47,25.9,8.6,1.8,0,34
68.4,68.4,68.1,67.4,65.4,59.9,47.1,25.9,8.6,1.8,0,34.1
68.8,68.7,68.4,67.7,65.7,60.2,47.3,25.9,8.6,1.8,0,34.2
69.1,69,68.8,68,66,60.4,47.4,25.9,8.6,1.8,0,34.3
69.4,69.4,69.1,68.4,66.3,60.7,47.6,26,8.6,1.8,0,34.4
69.8,69.7,69.4,68.7,66.6,60.9,47.7,26,8.6,1.8,0,34.5
,,,,,,,,,,,34.6
,,,,,,,,,,,34.7
,,,,,,,,,,,34.8
,,,,,,,,,,,34.9
70.1,70,69.8,69,66.9,61.2,47.9,26,8.6,1.8,0,35
70.4,70.3,70.1,69.3,67.2,61.4,48,26.1,8.6,1.8,0,35.1
70.8,70.7,70.4,69.7,67.5,61.7,48.1,26.1,8.6,1.8,0,35.2
71.1,71,70.7,70,67.8,61.9,48.3,26.1,8.6,1.8,0,35.3
71.4,71.3,71.1,70.3,68.1,62.2,48.4,26.1,8.6,1.8,0,35.4
71.8,71.7,71.4,70.6,68.4,62.4,48.6,26.2,8.6,1.8,0,35.5
,,,,,,,,,,,35.6
,,,,,,,,,,,35.7
,,,,,,,,,,,35.8
,,,,,,,,,,,35.9
72.1,72,71.7,70.9,68.7,62.7,48.7,26.2,8.6,1.8,0,36
72.4,72.3,72.1,71.3,69,62.9,48.9,26.2,8.6,1.8,0,36.1
72.8,72.7,72.4,71.6,69.3,63.2,49,26.2,8.6,1.8,0,36.2
73.1,73,72.7,71.9,69.6,63.4,49.1,26.3,8.6,1.8,0,36.3
73.4,73.3,73,72.2,69.9,63.7,49.3,26.3,8.6,1.8,0,36.4
73.8,73.7,73.4,72.5,70.2,63.9,49.4,26.3,8.6,1.8,0,36.5
,,,,,,,,,,,36.6
,,,,,,,,,,,36.7
,,,,,,,,,,,36.8
,,,,,,,,,,,36.9
74.1,74,73.7,72.9,70.5,64.2,49.6,26.3,8.6,1.8,0,37
74.4,74.3,74,73.2,70.8,64.4,49.7,26.4,8.6,1.8,0,37.1
74.8,74.7,74.4,73.5,71.1,64.7,49.8,26.4,8.6,1.8,0,37.2
75.1,75,74.7,73.8,71.4,64.9,50,26.4,8.6,1.8,0,37.3
75.4,75.3,75,74.2,71.7,65.2,50.1,26.4,8.6,1.8,0,37.4
75.8,75.7,75.3,74.5,72,65.4,50.3,26.5,8.6,1.8,0,37.5
,,,,,,,,,,,37.6
,,,,,,,,,,,37.7
,,,,,,,,,,,37.8
,,,,,,,,,,,37.9
76.1,76,75.7,74.8,72.3,65.7,50.4,26.5,8.6,1.8,0,38
76.4,76.3,76,75.1,72.6,65.9,50.5,26.5,8.6,1.8,0,38.1
76.8,76.6,76.3,75.4,72.9,66.2,50.7,26.5,8.6,1.8,0,38.2
77.1,77,76.7,75.8,73.2,66.4,50.8,26.6,8.6,1.8,0,38.3
77.4,77.3,77,76.1,73.5,66.6,50.9,26.6,8.6,1.8,0,38.4
77.8,77.6,77.3,76.4,73.8,66.9,51.1,26.6,8.6,1.8,0,38.5
,,,,,,,,,,,38.6
,,,,,,,,,,,38.7
,,,,,,,,,,,38.8
,,,,,,,,,,,38.9
78.1,78,77.6,76.7,74.1,67.1,51.2,26.6,8.6,1.8,0,39
78.4,78.3,78,77,74.4,67.4,51.3,26.6,8.6,1.8,0,39.1
78.8,78.6,78.3,77.4,74.7,67.6,51.5,26.7,8.6,1.8,0,39.2
79.1,79,78.6,77.7,75,67.9,51.6,26.7,8.6,1.8,0,39.3
79.4,79.3,79,78,75.3,68.1,51.7,26.7,8.6,1.8,0,39.4
79.7,79.6,79.3,78.3,75.6,68.3,51.9,26.7,8.6,1.8,0,39.5
,,,,,,,,,,,39.6
,,,,,,,,,,,39.7
,,,,,,,,,,,39.8
,,,,,,,,,,,39.9
80.1,80,79.6,78.6,75.9,68.6,52,26.7,8.6,1.8,0,40
80.4,80.3,79.9,79,76.2,68.8,52.1,26.8,8.6,1.8,0,40.1
80.7,80.6,80.3,79.3,76.5,69.1,52.3,26.8,8.6,1.8,0,40.2
81.1,80.9,80.6,79.6,76.8,69.3,52.4,26.8,8.6,1.8,0,40.3
81.4,81.3,80.9,79.9,77.1,69.6,52.5,26.8,8.6,1.8,0,40.4
81.7,81.6,81.3,80.2,77.4,69.8,52.6,26.8,8.6,1.8,0,40.5
,,,,,,,,,,,40.6
,,,,,,,,,,,40.7
,,,,,,,,,,,40.8
,,,,,,,,,,,40.9
82.1,81.9,81.6,80.6,77.7,70,52.8,26.9,8.6,1.8,0,41
82.4,82.3,81.9,80.9,78,70.3,52.9,26.9,8.6,1.8,0,41.1
82.7,82.6,82.2,81.2,78.3,70.5,53,26.9,8.6,1.8,0,41.2
83.1,82.9,82.6,81.5,78.6,70.7,53.1,26.9,8.6,1.8,0,41.3
83.4,83.3,82.9,81.8,78.9,71,53.3,26.9,8.6,1.8,0,41.4
83.7,83.6,83.2,82.2,79.2,71.2,53.4,27,8.6,1.8,0,41.5
,,,,,,,,,,,41.6
,,,,,,,,,,,41.7
,,,,,,,,,,,41.8
,,,,,,,,,,,41.9
84.1,83.9,83.6,82.5,79.5,71.5,53.5,27,8.6,1.8,0,42
84.4,84.3,83.9,82.8,79.8,71.7,53.6,27,8.6,1.8,0,42.1
84.7,84.6,84.2,83.1,80.1,71.9,53.8,27,8.6,1.8,0,42.2
85.1,84.9,84.5,83.4,80.4,72.2,53.9,27,8.6,1.8,0,42.3
85.4,85.3,84.9,83.8,80.7,72.4,54,27,8.6,1.8,0,42.4
85.7,85.6,85.2,84.1,81,72.6,54.1,27.1,8.6,1.8,0,42.5
,,,,,,,,,,,42.6
,,,,,,,,,,,42.7
,,,,,,,,,,,42.8
,,,,,,,,,,,42.9
86.1,85.9,85.5,84.4,81.3,72.9,54.3,27.1,8.6,1.8,0,43
86.4,86.2,85.8,84.7,81.6,73.1,54.4,27.1,8.6,1.8,0,43.1
86.7,86.6,86.2,85,81.9,73.4,54.5,27.1,8.6,1.8,0,43.2
87.1,86.9,86.5,85.4,82.1,73.6,54.6,27.1,8.6,1.8,0,43.3
87.4,87.2,86.8,85.7,82.4,73.8,54.7,27.1,8.6,1.8,0,43.4
87.7,87.6,87.2,86,82.7,74.1,54.9,27.1,8.6,1.8,0,43.5
,,,,,,,,,,,43.6
,,,,,,,,,,,43.7
,,,,,,,,,,,43.8
,,,,,,,,,,,43.9
88.1,87.9,87.5,86.3,83,74.3,55,27.2,8.6,1.8,0,44
88.4,88.2,87.8,86.6,83.3,74.5,55.1,27.2,8.6,1.8,0,44.1
88.7,88.6,88.1,87,83.6,74.8,55.2,27.2,8.6,1.8,0,44.2
89,88.9,88.5,87.3,83.9,75,55.3,27.2,8.6,1.8,0,44.3
89.4,89.2,88.8,87.6,84.2,75.2,55.4,27.2,8.6,1.8,0,44.4
89.7,89.6,89.1,87.9,84.5,75.5,55.6,27.2,8.6,1.8,0,44.5
,,,,,,,,,,,44.6
,,,,,,,,,,,44.7
,,,,,,,,,,,44.8
,,,,,,,,,,,44.9
90,89.9,89.5,88.2,84.8,75.7,55.7,27.2,8.6,1.8,0,45
90.4,90.2,89.8,88.5,85.1,75.9,55.8,27.3,8.6,1.8,0,45.1
90.7,90.5,90.1,88.9,85.4,76.2,55.9,27.3,8.6,1.8,0,45.2
91,90.9,90.4,89.2,85.7,76.4,56,27.3,8.6,1.8,0,45.3
91.4,91.2,90.8,89.5,86,76.6,56.1,27.3,8.6,1.8,0,45.4
91.7,91.5,91.1,89.8,86.3,76.8,56.3,27.3,8.6,1.8,0,45.5
,,,,,,,,,,,45.6
,,,,,,,,,,,45.7
,,,,,,,,,,,45.8
,,,,,,,,,,,45.9
92,91.9,91.4,90.1,86.6,77.1,56.4,27.3,8.6,1.8,0,46
92.4,92.2,91.7,90.5,86.9,77.3,56.5,27.3,8.6,1.8,0,46.1
92.7,92.5,92.1,90.8,87.1,77.5,56.6,27.4,8.6,1.8,0,46.2
93,92.9,92.4,91.1,87.4,77.8,56.7,27.4,8.6,1.8,0,46.3
93.4,93.2,92.7,91.4,87.7,78,56.8,27.4,8.6,1.8,0,46.4
93.7,93.5,93.1,91.7,88,78.2,56.9,27.4,8.6,1.8,0,46.5
,,,,,,,,,,,46.6
,,,,,,,,,,,46.7
,,,,,,,,,,,46.8
,,,,,,,,,,,46.9
94,93.9,93.4,92,88.3,78.5,57,27.4,8.6,1.8,0,47
94.4,94.2,93.7,92.4,88.6,78.7,57.1,27.4,8.6,1.8,0,47.1
94.7,94.5,94,92.7,88.9,78.9,57.3,27.4,8.6,1.8,0,47.2
95,94.8,94.4,93,89.2,79.1,57.4,27.4,8.6,1.8,0,47.3
95.4,95.2,94.7,93.3,89.5,79.4,57.5,27.5,8.6,1.8,0,47.4
95.7,95.5,95,93.6,89.8,79.6,57.6,27.5,8.6,1.8,0,47.5
,,,,,,,,,,,47.6
,,,,,,,,,,,47.7
,,,,,,,,,,,47.8
,,,,,,,,,,,47.9
96,95.8,95.3,94,90.1,79.8,57.7,27.5,8.6,1.8,0,48
96.4,96.2,95.7,94.3,90.4,80,57.8,27.5,8.6,1.8,0,48.1
96.7,96.5,96,94.6,90.7,80.3,57.9,27.5,8.6,1.8,0,48.2
97,96.8,96.3,94.9,90.9,80.5,58,27.5,8.6,1.8,0,48.3
97.3,97.2,96.7,95.2,91.2,80.7,58.1,27.5,8.6,1.8,0,48.4
97.7,97.5,97,95.5,91.5,80.9,58.2,27.5,8.6,1.8,0,48.5
,,,,,,,,,,,48.6
,,,,,,,,,,,48.7
,,,,,,,,,,,48.8
,,,,,,,,,,,48.9
98,97.8,97.3,95.9,91.8,81.2,58.3,27.5,8.6,1.8,0,49
98.3,98.2,97.6,96.2,92.1,81.4,58.4,27.6,8.6,1.8,0,49.1
98.7,98.5,98,96.5,92.4,81.6,58.5,27.6,8.6,1.8,0,49.2
99,98.8,98.3,96.8,92.7,81.8,58.6,27.6,8.6,1.8,0,49.3
99.3,99.1,98.6,97.1,93,82.1,58.8,27.6,8.6,1.8,0,49.4
99.7,99.5,98.9,97.4,93.3,82.3,58.9,27.6,8.6,1.8,0,49.5
,,,,,,,,,,,49.6
,,,,,,,,,,,49.7
,,,,,,,,,,,49.8
,,,,,,,,,,,49.9
100,99.8,99.3,97.8,93.6,82.5,59,27.6,8.6,1.8,0,50